width = 2560
height = 1529
position_x = 0
position_y = 23
fullscreen = false
clear_color_r = 0.272237
clear_color_g = 0.129758
clear_color_b = 0.735294
